6

9	15

-0.25	-0.25	-0.25	-0.25	-0.25	0.50	0.50	0.50	0.50	0.50	-0.25	-0.25	-0.25	-0.25	-0.25
-0.25	-0.25	-0.25	-0.25	-0.25	0.50	0.50	0.50	0.50	0.50	-0.25	-0.25	-0.25	-0.25	-0.25
-0.25	-0.25	-0.25	-0.25	-0.25	0.50	0.50	0.50	0.50	0.50	-0.25	-0.25	-0.25	-0.25	-0.25
-0.50	-0.50	-0.50	-0.50	-0.50	1.00	1.00	1.00	1.00	1.00	-0.50	-0.50	-0.50	-0.50	-0.50
-0.50	-0.50	-0.50	-0.50	-0.50	1.00	1.00	1.00	1.00	1.00	-0.50	-0.50	-0.50	-0.50	-0.50
-0.50	-0.50	-0.50	-0.50	-0.50	1.00	1.00	1.00	1.00	1.00	-0.50	-0.50	-0.50	-0.50	-0.50
-0.25	-0.25	-0.25	-0.25	-0.25	0.50	0.50	0.50	0.50	0.50	-0.25	-0.25	-0.25	-0.25	-0.25
-0.25	-0.25	-0.25	-0.25	-0.25	0.50	0.50	0.50	0.50	0.50	-0.25	-0.25	-0.25	-0.25	-0.25
-0.25	-0.25	-0.25	-0.25	-0.25	0.50	0.50	0.50	0.50	0.50	-0.25	-0.25	-0.25	-0.25	-0.25

9	15

0.25	0.25	0.25	0.25	0.25	-0.50	-0.50	0.00	0.50	0.50	-0.25	-0.25	-0.25	-0.25	-0.25
0.25	0.25	0.25	0.25	0.25	-0.50	-0.50	0.00	0.50	0.50	-0.25	-0.25	-0.25	-0.25	-0.25
0.25	0.25	0.25	0.25	0.25	-0.50	-0.50	0.00	0.50	0.50	-0.25	-0.25	-0.25	-0.25	-0.25
0.50	0.50	0.50	0.50	0.50	-1.00	-1.00	0.00	1.00	1.00	-0.50	-0.50	-0.50	-0.50	-0.50
0.50	0.50	0.50	0.50	0.50	-1.00	-1.00	0.00	1.00	1.00	-0.50	-0.50	-0.50	-0.50	-0.50
0.50	0.50	0.50	0.50	0.50	-1.00	-1.00	0.00	1.00	1.00	-0.50	-0.50	-0.50	-0.50	-0.50
0.25	0.25	0.25	0.25	0.25	-0.50	-0.50	0.00	0.50	0.50	-0.25	-0.25	-0.25	-0.25	-0.25
0.25	0.25	0.25	0.25	0.25	-0.50	-0.50	0.00	0.50	0.50	-0.25	-0.25	-0.25	-0.25	-0.25
0.25	0.25	0.25	0.25	0.25	-0.50	-0.50	0.00	0.50	0.50	-0.25	-0.25	-0.25	-0.25	-0.25

9	27

-0.25	-0.25	-0.25	-0.25	-0.25	-0.25	-0.25	-0.25	-0.25	0.50	0.50	0.50	0.50	0.50	0.50	0.50	0.50	0.50	-0.25	-0.25	-0.25	-0.25	-0.25	-0.25	-0.25	-0.25	-0.25
-0.25	-0.25	-0.25	-0.25	-0.25	-0.25	-0.25	-0.25	-0.25	0.50	0.50	0.50	0.50	0.50	0.50	0.50	0.50	0.50	-0.25	-0.25	-0.25	-0.25	-0.25	-0.25	-0.25	-0.25	-0.25
-0.25	-0.25	-0.25	-0.25	-0.25	-0.25	-0.25	-0.25	-0.25	0.50	0.50	0.50	0.50	0.50	0.50	0.50	0.50	0.50	-0.25	-0.25	-0.25	-0.25	-0.25	-0.25	-0.25	-0.25	-0.25
-0.50	-0.50	-0.50	-0.50	-0.50	-0.50	-0.50	-0.50	-0.50	1.00	1.00	1.00	1.00	1.00	1.00	1.00	1.00	1.00	-0.50	-0.50	-0.50	-0.50	-0.50	-0.50	-0.50	-0.50	-0.50
-0.50	-0.50	-0.50	-0.50	-0.50	-0.50	-0.50	-0.50	-0.50	1.00	1.00	1.00	1.00	1.00	1.00	1.00	1.00	1.00	-0.50	-0.50	-0.50	-0.50	-0.50	-0.50	-0.50	-0.50	-0.50
-0.50	-0.50	-0.50	-0.50	-0.50	-0.50	-0.50	-0.50	-0.50	1.00	1.00	1.00	1.00	1.00	1.00	1.00	1.00	1.00	-0.50	-0.50	-0.50	-0.50	-0.50	-0.50	-0.50	-0.50	-0.50
-0.25	-0.25	-0.25	-0.25	-0.25	-0.25	-0.25	-0.25	-0.25	0.50	0.50	0.50	0.50	0.50	0.50	0.50	0.50	0.50	-0.25	-0.25	-0.25	-0.25	-0.25	-0.25	-0.25	-0.25	-0.25
-0.25	-0.25	-0.25	-0.25	-0.25	-0.25	-0.25	-0.25	-0.25	0.50	0.50	0.50	0.50	0.50	0.50	0.50	0.50	0.50	-0.25	-0.25	-0.25	-0.25	-0.25	-0.25	-0.25	-0.25	-0.25
-0.25	-0.25	-0.25	-0.25	-0.25	-0.25	-0.25	-0.25	-0.25	0.50	0.50	0.50	0.50	0.50	0.50	0.50	0.50	0.50	-0.25	-0.25	-0.25	-0.25	-0.25	-0.25	-0.25	-0.25	-0.25

9	27

0.25	0.25	0.25	0.25	0.25	0.25	0.25	0.25	0.25	-0.50	-0.50	-0.50	-0.50	0.00	0.50	0.50	0.50	0.50	-0.25	-0.25	-0.25	-0.25	-0.25	-0.25	-0.25	-0.25	-0.25
0.25	0.25	0.25	0.25	0.25	0.25	0.25	0.25	0.25	-0.50	-0.50	-0.50	-0.50	0.00	0.50	0.50	0.50	0.50	-0.25	-0.25	-0.25	-0.25	-0.25	-0.25	-0.25	-0.25	-0.25
0.25	0.25	0.25	0.25	0.25	0.25	0.25	0.25	0.25	-0.50	-0.50	-0.50	-0.50	0.00	0.50	0.50	0.50	0.50	-0.25	-0.25	-0.25	-0.25	-0.25	-0.25	-0.25	-0.25	-0.25
0.50	0.50	0.50	0.50	0.50	0.50	0.50	0.50	0.50	-1.00	-1.00	-1.00	-1.00	0.00	1.00	1.00	1.00	1.00	-0.50	-0.50	-0.50	-0.50	-0.50	-0.50	-0.50	-0.50	-0.50
0.50	0.50	0.50	0.50	0.50	0.50	0.50	0.50	0.50	-1.00	-1.00	-1.00	-1.00	0.00	1.00	1.00	1.00	1.00	-0.50	-0.50	-0.50	-0.50	-0.50	-0.50	-0.50	-0.50	-0.50
0.50	0.50	0.50	0.50	0.50	0.50	0.50	0.50	0.50	-1.00	-1.00	-1.00	-1.00	0.00	1.00	1.00	1.00	1.00	-0.50	-0.50	-0.50	-0.50	-0.50	-0.50	-0.50	-0.50	-0.50
0.25	0.25	0.25	0.25	0.25	0.25	0.25	0.25	0.25	-0.50	-0.50	-0.50	-0.50	0.00	0.50	0.50	0.50	0.50	-0.25	-0.25	-0.25	-0.25	-0.25	-0.25	-0.25	-0.25	-0.25
0.25	0.25	0.25	0.25	0.25	0.25	0.25	0.25	0.25	-0.50	-0.50	-0.50	-0.50	0.00	0.50	0.50	0.50	0.50	-0.25	-0.25	-0.25	-0.25	-0.25	-0.25	-0.25	-0.25	-0.25
0.25	0.25	0.25	0.25	0.25	0.25	0.25	0.25	0.25	-0.50	-0.50	-0.50	-0.50	0.00	0.50	0.50	0.50	0.50	-0.25	-0.25	-0.25	-0.25	-0.25	-0.25	-0.25	-0.25	-0.25

9	51

-0.25	-0.25	-0.25	-0.25	-0.25	-0.25	-0.25	-0.25	-0.25	-0.25	-0.25	-0.25	-0.25	-0.25	-0.25	-0.25	-0.25	0.50	0.50	0.50	0.50	0.50	0.50	0.50	0.50	0.50	0.50	0.50	0.50	0.50	0.50	0.50	0.50	0.50	-0.25	-0.25	-0.25	-0.25	-0.25	-0.25	-0.25	-0.25	-0.25	-0.25	-0.25	-0.25	-0.25	-0.25	-0.25	-0.25	-0.25
-0.25	-0.25	-0.25	-0.25	-0.25	-0.25	-0.25	-0.25	-0.25	-0.25	-0.25	-0.25	-0.25	-0.25	-0.25	-0.25	-0.25	0.50	0.50	0.50	0.50	0.50	0.50	0.50	0.50	0.50	0.50	0.50	0.50	0.50	0.50	0.50	0.50	0.50	-0.25	-0.25	-0.25	-0.25	-0.25	-0.25	-0.25	-0.25	-0.25	-0.25	-0.25	-0.25	-0.25	-0.25	-0.25	-0.25	-0.25
-0.25	-0.25	-0.25	-0.25	-0.25	-0.25	-0.25	-0.25	-0.25	-0.25	-0.25	-0.25	-0.25	-0.25	-0.25	-0.25	-0.25	0.50	0.50	0.50	0.50	0.50	0.50	0.50	0.50	0.50	0.50	0.50	0.50	0.50	0.50	0.50	0.50	0.50	-0.25	-0.25	-0.25	-0.25	-0.25	-0.25	-0.25	-0.25	-0.25	-0.25	-0.25	-0.25	-0.25	-0.25	-0.25	-0.25	-0.25
-0.50	-0.50	-0.50	-0.50	-0.50	-0.50	-0.50	-0.50	-0.50	-0.50	-0.50	-0.50	-0.50	-0.50	-0.50	-0.50	-0.50	1.00	1.00	1.00	1.00	1.00	1.00	1.00	1.00	1.00	1.00	1.00	1.00	1.00	1.00	1.00	1.00	1.00	-0.50	-0.50	-0.50	-0.50	-0.50	-0.50	-0.50	-0.50	-0.50	-0.50	-0.50	-0.50	-0.50	-0.50	-0.50	-0.50	-0.50
-0.50	-0.50	-0.50	-0.50	-0.50	-0.50	-0.50	-0.50	-0.50	-0.50	-0.50	-0.50	-0.50	-0.50	-0.50	-0.50	-0.50	1.00	1.00	1.00	1.00	1.00	1.00	1.00	1.00	1.00	1.00	1.00	1.00	1.00	1.00	1.00	1.00	1.00	-0.50	-0.50	-0.50	-0.50	-0.50	-0.50	-0.50	-0.50	-0.50	-0.50	-0.50	-0.50	-0.50	-0.50	-0.50	-0.50	-0.50
-0.50	-0.50	-0.50	-0.50	-0.50	-0.50	-0.50	-0.50	-0.50	-0.50	-0.50	-0.50	-0.50	-0.50	-0.50	-0.50	-0.50	1.00	1.00	1.00	1.00	1.00	1.00	1.00	1.00	1.00	1.00	1.00	1.00	1.00	1.00	1.00	1.00	1.00	-0.50	-0.50	-0.50	-0.50	-0.50	-0.50	-0.50	-0.50	-0.50	-0.50	-0.50	-0.50	-0.50	-0.50	-0.50	-0.50	-0.50
-0.25	-0.25	-0.25	-0.25	-0.25	-0.25	-0.25	-0.25	-0.25	-0.25	-0.25	-0.25	-0.25	-0.25	-0.25	-0.25	-0.25	0.50	0.50	0.50	0.50	0.50	0.50	0.50	0.50	0.50	0.50	0.50	0.50	0.50	0.50	0.50	0.50	0.50	-0.25	-0.25	-0.25	-0.25	-0.25	-0.25	-0.25	-0.25	-0.25	-0.25	-0.25	-0.25	-0.25	-0.25	-0.25	-0.25	-0.25
-0.25	-0.25	-0.25	-0.25	-0.25	-0.25	-0.25	-0.25	-0.25	-0.25	-0.25	-0.25	-0.25	-0.25	-0.25	-0.25	-0.25	0.50	0.50	0.50	0.50	0.50	0.50	0.50	0.50	0.50	0.50	0.50	0.50	0.50	0.50	0.50	0.50	0.50	-0.25	-0.25	-0.25	-0.25	-0.25	-0.25	-0.25	-0.25	-0.25	-0.25	-0.25	-0.25	-0.25	-0.25	-0.25	-0.25	-0.25
-0.25	-0.25	-0.25	-0.25	-0.25	-0.25	-0.25	-0.25	-0.25	-0.25	-0.25	-0.25	-0.25	-0.25	-0.25	-0.25	-0.25	0.50	0.50	0.50	0.50	0.50	0.50	0.50	0.50	0.50	0.50	0.50	0.50	0.50	0.50	0.50	0.50	0.50	-0.25	-0.25	-0.25	-0.25	-0.25	-0.25	-0.25	-0.25	-0.25	-0.25	-0.25	-0.25	-0.25	-0.25	-0.25	-0.25	-0.25

9	51

0.25	0.25	0.25	0.25	0.25	0.25	0.25	0.25	0.25	0.25	0.25	0.25	0.25	0.25	0.25	0.25	0.25	-0.50	-0.50	-0.50	-0.50	-0.50	-0.50	-0.50	-0.50	0.00	0.50	0.50	0.50	0.50	0.50	0.50	0.50	0.50	-0.25	-0.25	-0.25	-0.25	-0.25	-0.25	-0.25	-0.25	-0.25	-0.25	-0.25	-0.25	-0.25	-0.25	-0.25	-0.25	-0.25
0.25	0.25	0.25	0.25	0.25	0.25	0.25	0.25	0.25	0.25	0.25	0.25	0.25	0.25	0.25	0.25	0.25	-0.50	-0.50	-0.50	-0.50	-0.50	-0.50	-0.50	-0.50	0.00	0.50	0.50	0.50	0.50	0.50	0.50	0.50	0.50	-0.25	-0.25	-0.25	-0.25	-0.25	-0.25	-0.25	-0.25	-0.25	-0.25	-0.25	-0.25	-0.25	-0.25	-0.25	-0.25	-0.25
0.25	0.25	0.25	0.25	0.25	0.25	0.25	0.25	0.25	0.25	0.25	0.25	0.25	0.25	0.25	0.25	0.25	-0.50	-0.50	-0.50	-0.50	-0.50	-0.50	-0.50	-0.50	0.00	0.50	0.50	0.50	0.50	0.50	0.50	0.50	0.50	-0.25	-0.25	-0.25	-0.25	-0.25	-0.25	-0.25	-0.25	-0.25	-0.25	-0.25	-0.25	-0.25	-0.25	-0.25	-0.25	-0.25
0.50	0.50	0.50	0.50	0.50	0.50	0.50	0.50	0.50	0.50	0.50	0.50	0.50	0.50	0.50	0.50	0.50	-1.00	-1.00	-1.00	-1.00	-1.00	-1.00	-1.00	-1.00	0.00	1.00	1.00	1.00	1.00	1.00	1.00	1.00	1.00	-0.50	-0.50	-0.50	-0.50	-0.50	-0.50	-0.50	-0.50	-0.50	-0.50	-0.50	-0.50	-0.50	-0.50	-0.50	-0.50	-0.50
0.50	0.50	0.50	0.50	0.50	0.50	0.50	0.50	0.50	0.50	0.50	0.50	0.50	0.50	0.50	0.50	0.50	-1.00	-1.00	-1.00	-1.00	-1.00	-1.00	-1.00	-1.00	0.00	1.00	1.00	1.00	1.00	1.00	1.00	1.00	1.00	-0.50	-0.50	-0.50	-0.50	-0.50	-0.50	-0.50	-0.50	-0.50	-0.50	-0.50	-0.50	-0.50	-0.50	-0.50	-0.50	-0.50
0.50	0.50	0.50	0.50	0.50	0.50	0.50	0.50	0.50	0.50	0.50	0.50	0.50	0.50	0.50	0.50	0.50	-1.00	-1.00	-1.00	-1.00	-1.00	-1.00	-1.00	-1.00	0.00	1.00	1.00	1.00	1.00	1.00	1.00	1.00	1.00	-0.50	-0.50	-0.50	-0.50	-0.50	-0.50	-0.50	-0.50	-0.50	-0.50	-0.50	-0.50	-0.50	-0.50	-0.50	-0.50	-0.50
0.25	0.25	0.25	0.25	0.25	0.25	0.25	0.25	0.25	0.25	0.25	0.25	0.25	0.25	0.25	0.25	0.25	-0.50	-0.50	-0.50	-0.50	-0.50	-0.50	-0.50	-0.50	0.00	0.50	0.50	0.50	0.50	0.50	0.50	0.50	0.50	-0.25	-0.25	-0.25	-0.25	-0.25	-0.25	-0.25	-0.25	-0.25	-0.25	-0.25	-0.25	-0.25	-0.25	-0.25	-0.25	-0.25
0.25	0.25	0.25	0.25	0.25	0.25	0.25	0.25	0.25	0.25	0.25	0.25	0.25	0.25	0.25	0.25	0.25	-0.50	-0.50	-0.50	-0.50	-0.50	-0.50	-0.50	-0.50	0.00	0.50	0.50	0.50	0.50	0.50	0.50	0.50	0.50	-0.25	-0.25	-0.25	-0.25	-0.25	-0.25	-0.25	-0.25	-0.25	-0.25	-0.25	-0.25	-0.25	-0.25	-0.25	-0.25	-0.25
0.25	0.25	0.25	0.25	0.25	0.25	0.25	0.25	0.25	0.25	0.25	0.25	0.25	0.25	0.25	0.25	0.25	-0.50	-0.50	-0.50	-0.50	-0.50	-0.50	-0.50	-0.50	0.00	0.50	0.50	0.50	0.50	0.50	0.50	0.50	0.50	-0.25	-0.25	-0.25	-0.25	-0.25	-0.25	-0.25	-0.25	-0.25	-0.25	-0.25	-0.25	-0.25	-0.25	-0.25	-0.25	-0.25
